Title;Artist;Released
"""Can't Stop the Feeling!""";Justin Timberlake;2016
"""Eye of the Tiger""";Survivor;1982
"""Stronger""";Kanye West;2007
"""Uptown Funk""";Mark Ronson ft. Bruno Mars;2014
"""Don't Stop Me Now""";Queen;1978
