Title;Artist;Released;mp3
Fly Me to the Moon;Frank Sinatra;1964;./mp3/Fly_Me_to_the_Moon__Frank_Sinatra.mp3
Take Five;Dave Brubeck Quartet;1959;./mp3/Take_Five__Dave_Brubeck_Quartet.mp3
Autumn Leaves;Nat King Cole;1956;./mp3/Autumn_Leaves__Nat_King_Cole.mp3
All of Me;Billie Holiday;1957;./mp3/All_of_Me__Billie_Holiday.mp3
